2 1
5 1
9 1
11 1
12 1
14 1
16 1
17 1
38 1
77 1
101 1
123 1
165 1
245 1
265 1
319 1
334 1
337 1
367 1
424 1
443 1
522 1
528 1
560 1
564 1
581 1
603 1
619 1
641 1
764 1
773 1
793 1
882 1
985 1
1025 1
1042 1
1135 1
1137 1
1143 1
1204 1
1207 1
1328 1
1342 1
1364 1
1382 1
1429 1
1436 1
1531 1
1580 1
1602 1
1767 1
1 2
4 2
8 2
24 2
29 2
56 2
105 2
127 2
203 2
260 2
318 2
369 2
506 2
599 2
614 2
686 2
715 2
724 2
760 2
817 2
880 2
904 2
1098 2
1123 2
1308 2
1499 2
1507 2
1568 2
1647 2
1661 2
1702 2
1708 2
1711 2
1762 2
1831 2
1925 2
1963 2
4 3
6 3
10 3
11 3
13 3
27 3
61 3
164 3
311 3
410 3
541 3
760 3
1454 3
1720 3
1829 3
2 4
3 4
10 4
18 4
21 4
27 4
38 4
40 4
43 4
46 4
50 4
72 4
87 4
93 4
99 4
105 4
112 4
115 4
132 4
153 4
161 4
172 4
194 4
243 4
244 4
246 4
252 4
261 4
275 4
282 4
289 4
320 4
327 4
347 4
360 4
406 4
421 4
426 4
448 4
489 4
515 4
516 4
536 4
562 4
595 4
617 4
621 4
626 4
627 4
633 4
646 4
655 4
673 4
726 4
747 4
765 4
773 4
794 4
811 4
816 4
828 4
859 4
925 4
987 4
1043 4
1050 4
1056 4
1063 4
1069 4
1146 4
1151 4
1165 4
1176 4
1202 4
1219 4
1261 4
1304 4
1313 4
1349 4
1353 4
1377 4
1384 4
1430 4
1520 4
1704 4
1755 4
1785 4
1827 4
1858 4
1923 4
1996 4
1 5
6 5
7 5
9 5
12 5
25 5
41 5
51 5
97 5
103 5
108 5
159 5
199 5
202 5
219 5
228 5
269 5
333 5
346 5
392 5
504 5
539 5
546 5
558 5
597 5
645 5
649 5
738 5
800 5
865 5
886 5
930 5
933 5
1030 5
1071 5
1117 5
1140 5
1144 5
1165 5
1184 5
1230 5
1277 5
1369 5
1614 5
1644 5
1760 5
1857 5
3 6
5 6
7 6
15 6
16 6
62 6
72 6
114 6
130 6
150 6
152 6
179 6
196 6
214 6
217 6
245 6
250 6
254 6
256 6
276 6
325 6
335 6
438 6
484 6
503 6
526 6
570 6
600 6
611 6
646 6
705 6
791 6
810 6
922 6
924 6
957 6
1029 6
1112 6
1142 6
1155 6
1162 6
1171 6
1422 6
1431 6
1489 6
1530 6
1588 6
1617 6
1672 6
1784 6
1902 6
1917 6
5 7
6 7
8 7
14 7
19 7
21 7
28 7
36 7
39 7
79 7
89 7
188 7
193 7
263 7
295 7
341 7
486 7
550 7
570 7
577 7
589 7
593 7
794 7
823 7
1003 7
1033 7
1357 7
1444 7
1535 7
2 8
7 8
15 8
19 8
22 8
25 8
47 8
82 8
97 8
107 8
123 8
128 8
164 8
184 8
231 8
342 8
396 8
558 8
567 8
658 8
682 8
697 8
725 8
727 8
925 8
984 8
1190 8
1352 8
1373 8
1375 8
1563 8
1645 8
1795 8
1871 8
1897 8
1 9
5 9
45 9
233 9
1258 9
3 10
4 10
13 10
112 10
115 10
134 10
148 10
184 10
326 10
354 10
435 10
787 10
1011 10
1093 10
1261 10
1326 10
1398 10
1836 10
1 11
3 11
20 11
23 11
26 11
28 11
30 11
33 11
34 11
35 11
37 11
41 11
57 11
69 11
76 11
83 11
84 11
102 11
104 11
106 11
114 11
124 11
138 11
141 11
142 11
146 11
159 11
166 11
169 11
180 11
209 11
211 11
224 11
226 11
258 11
261 11
268 11
271 11
328 11
363 11
376 11
437 11
444 11
447 11
484 11
497 11
533 11
534 11
584 11
592 11
629 11
649 11
670 11
715 11
741 11
756 11
783 11
785 11
815 11
894 11
934 11
963 11
974 11
1001 11
1061 11
1076 11
1077 11
1078 11
1091 11
1101 11
1107 11
1133 11
1150 11
1226 11
1250 11
1264 11
1286 11
1290 11
1375 11
1489 11
1516 11
1543 11
1582 11
1601 11
1607 11
1659 11
1752 11
1855 11
1889 11
1956 11
1978 11
1 12
5 12
17 12
22 12
26 12
30 12
31 12
34 12
35 12
45 12
51 12
52 12
54 12
55 12
67 12
80 12
90 12
91 12
102 12
126 12
136 12
145 12
147 12
192 12
204 12
218 12
269 12
301 12
304 12
336 12
381 12
390 12
399 12
425 12
436 12
452 12
466 12
467 12
472 12
488 12
514 12
518 12
567 12
579 12
580 12
600 12
660 12
665 12
699 12
710 12
742 12
778 12
788 12
789 12
806 12
818 12
828 12
898 12
899 12
1002 12
1062 12
1068 12
1119 12
1167 12
1171 12
1270 12
1274 12
1332 12
1376 12
1397 12
1400 12
1430 12
1460 12
1467 12
1540 12
1556 12
1589 12
1671 12
1714 12
1794 12
1797 12
1803 12
1898 12
1953 12
1966 12
1998 12
3 13
10 13
48 13
70 13
104 13
113 13
117 13
132 13
136 13
176 13
273 13
356 13
383 13
464 13
469 13
601 13
606 13
617 13
667 13
704 13
883 13
929 13
1034 13
1354 13
1926 13
1 14
7 14
33 14
53 14
120 14
314 14
452 14
502 14
508 14
552 14
554 14
569 14
643 14
799 14
837 14
922 14
946 14
1370 14
1546 14
1598 14
1986 14
6 15
8 15
64 15
70 15
84 15
133 15
150 15
163 15
240 15
294 15
346 15
353 15
358 15
379 15
408 15
485 15
534 15
573 15
587 15
622 15
711 15
712 15
729 15
1102 15
1199 15
1319 15
1418 15
1427 15
1561 15
1619 15
1668 15
1850 15
1877 15
1971 15
1 16
6 16
18 16
20 16
32 16
44 16
216 16
257 16
270 16
276 16
307 16
374 16
506 16
627 16
640 16
690 16
792 16
1090 16
1346 16
1624 16
1641 16
1846 16
1909 16
1950 16
1 17
12 17
60 17
189 17
333 17
522 17
687 17
1565 17
1759 17
4 18
16 18
146 18
242 18
450 18
730 18
804 18
7 19
8 19
24 19
83 19
219 19
292 19
442 19
494 19
498 19
592 19
598 19
653 19
695 19
718 19
758 19
893 19
992 19
1082 19
1194 19
1459 19
1573 19
1703 19
1847 19
1860 19
11 20
16 20
191 20
434 20
1498 20
1528 20
1556 20
4 21
7 21
43 21
122 21
129 21
249 21
268 21
290 21
359 21
394 21
702 21
754 21
770 21
835 21
851 21
943 21
1046 21
1104 21
1145 21
1156 21
1166 21
1231 21
1232 21
1461 21
1673 21
1677 21
1761 21
1911 21
1989 21
8 22
12 22
23 22
46 22
63 22
68 22
90 22
100 22
116 22
144 22
170 22
173 22
190 22
260 22
267 22
279 22
309 22
312 22
329 22
418 22
813 22
958 22
1075 22
1542 22
1578 22
1582 22
11 23
22 23
78 23
117 23
246 23
595 23
1156 23
1389 23
1508 23
2 24
19 24
31 24
49 24
52 24
63 24
71 24
74 24
89 24
92 24
96 24
107 24
116 24
138 24
151 24
183 24
195 24
225 24
241 24
248 24
287 24
288 24
293 24
306 24
321 24
341 24
368 24
393 24
432 24
441 24
454 24
465 24
576 24
590 24
656 24
753 24
757 24
782 24
829 24
856 24
870 24
875 24
880 24
891 24
944 24
945 24
958 24
979 24
996 24
1035 24
1083 24
1196 24
1336 24
1395 24
1412 24
1506 24
1569 24
1588 24
1793 24
5 25
8 25
44 25
78 25
106 25
161 25
196 25
255 25
303 25
339 25
777 25
820 25
857 25
1017 25
1035 25
1290 25
1294 25
1446 25
1711 25
11 26
12 26
29 26
42 26
49 26
55 26
56 26
96 26
98 26
125 26
135 26
158 26
213 26
227 26
265 26
281 26
286 26
304 26
335 26
417 26
433 26
443 26
472 26
490 26
543 26
640 26
746 26
763 26
805 26
819 26
974 26
1170 26
1215 26
1236 26
1246 26
1564 26
1586 26
1633 26
1707 26
1970 26
1985 26
3 27
4 27
37 27
39 27
54 27
98 27
512 27
537 27
635 27
807 27
1844 27
7 28
11 28
66 28
74 28
178 28
296 28
310 28
439 28
609 28
625 28
728 28
872 28
921 28
927 28
989 28
1128 28
1197 28
1450 28
1928 28
2 29
26 29
73 29
110 29
495 29
528 29
931 29
945 29
1601 29
11 30
12 30
32 30
61 30
68 30
75 30
108 30
168 30
200 30
280 30
305 30
306 30
356 30
376 30
430 30
573 30
1124 30
1416 30
1460 30
1592 30
1794 30
12 31
24 31
1965 31
16 32
30 32
124 32
151 32
212 32
404 32
538 32
660 32
808 32
1257 32
1421 32
11 33
14 33
66 33
11 34
12 34
36 34
40 34
86 34
100 34
155 34
157 34
202 34
211 34
237 34
253 34
326 34
431 34
463 34
471 34
492 34
510 34
546 34
676 34
712 34
859 34
989 34
1100 34
1589 34
1604 34
1630 34
1652 34
1686 34
1872 34
1909 34
1977 34
11 35
12 35
95 35
257 35
286 35
299 35
334 35
371 35
405 35
455 35
491 35
578 35
986 35
1663 35
7 36
34 36
57 36
324 36
342 36
862 36
1047 36
11 37
27 37
58 37
59 37
119 37
142 37
296 37
338 37
630 37
808 37
1190 37
1584 37
1987 37
1 38
4 38
85 38
111 38
160 38
192 38
235 38
694 38
752 38
776 38
861 38
967 38
1233 38
1251 38
1305 38
1444 38
1581 38
1694 38
1899 38
1906 38
1916 38
1935 38
7 39
27 39
95 39
155 39
348 39
365 39
722 39
907 39
1034 39
1088 39
1498 39
1895 39
4 40
34 40
419 40
5 41
11 41
42 41
73 41
119 41
126 41
411 41
440 41
1159 41
1248 41
1251 41
1480 41
1566 41
1790 41
1962 41
26 42
41 42
450 42
796 42
982 42
1279 42
1300 42
1600 42
1651 42
4 43
21 43
76 43
1056 43
1234 43
1518 43
1680 43
16 44
25 44
234 44
259 44
339 44
404 44
1511 44
1640 44
1916 44
9 45
12 45
47 45
48 45
81 45
82 45
331 45
348 45
385 45
389 45
422 45
708 45
839 45
1050 45
1348 45
1696 45
4 46
22 46
53 46
101 46
121 46
125 46
140 46
176 46
259 46
264 46
416 46
461 46
481 46
572 46
655 46
664 46
801 46
836 46
846 46
854 46
1019 46
1021 46
1030 46
1101 46
1161 46
1172 46
1333 46
1364 46
1393 46
1679 46
1743 46
1751 46
1752 46
1856 46
1950 46
8 47
45 47
77 47
122 47
143 47
275 47
277 47
322 47
652 47
832 47
1124 47
1205 47
1262 47
1567 47
13 48
45 48
127 48
139 48
384 48
474 48
606 48
631 48
795 48
798 48
970 48
1339 48
1434 48
1618 48
24 49
26 49
50 49
80 49
81 49
88 49
131 49
157 49
163 49
181 49
191 49
194 49
200 49
214 49
344 49
367 49
375 49
380 49
456 49
482 49
483 49
490 49
520 49
545 49
608 49
809 49
821 49
948 49
1170 49
1279 49
1285 49
1315 49
1411 49
1452 49
1758 49
1886 49
1905 49
1993 49
4 50
49 50
59 50
212 50
379 50
410 50
651 50
902 50
5 51
12 51
58 51
62 51
131 51
134 51
183 51
230 51
266 51
291 51
409 51
553 51
564 51
598 51
704 51
969 51
1082 51
1169 51
1284 51
1523 51
1557 51
12 52
24 52
493 52
14 53
46 53
321 53
614 53
936 53
1353 53
1681 53
1875 53
12 54
27 54
60 54
71 54
75 54
187 54
208 54
244 54
351 54
372 54
419 54
457 54
507 54
724 54
892 54
1045 54
1181 54
1358 54
1410 54
1682 54
12 55
26 55
392 55
762 55
838 55
1141 55
1188 55
1248 55
1610 55
1880 55
1893 55
1910 55
2 56
26 56
64 56
65 56
113 56
128 56
137 56
154 56
162 56
165 56
181 56
220 56
233 56
282 56
302 56
325 56
363 56
401 56
509 56
545 56
581 56
652 56
683 56
686 56
732 56
767 56
841 56
909 56
971 56
1026 56
1153 56
1182 56
1255 56
1273 56
1296 56
1392 56
1475 56
1488 56
1545 56
1606 56
1795 56
1849 56
1990 56
11 57
36 57
215 57
228 57
314 57
1524 57
1713 57
1764 57
37 58
51 58
583 58
604 58
1509 58
1696 58
37 59
50 59
135 59
179 59
190 59
230 59
236 59
256 59
405 59
429 59
582 59
705 59
1350 59
1715 59
1725 59
1739 59
17 60
54 60
153 60
186 60
548 60
599 60
847 60
1739 60
3 61
30 61
67 61
85 61
357 61
365 61
568 61
1064 61
1085 61
1184 61
1316 61
1524 61
1874 61
6 62
51 62
109 62
203 62
284 62
292 62
316 62
362 62
396 62
688 62
1095 62
1272 62
1340 62
1753 62
1812 62
22 63
24 63
15 64
56 64
65 64
69 64
240 64
355 64
371 64
585 64
636 64
1091 64
1097 64
1238 64
1792 64
1853 64
1943 64
56 65
64 65
1140 65
1142 65
1700 65
28 66
33 66
92 66
94 66
109 66
297 66
380 66
430 66
680 66
864 66
988 66
1491 66
1547 66
1592 66
1817 66
1946 66
12 67
61 67
79 67
215 67
337 67
476 67
889 67
1323 67
22 68
30 68
160 68
175 68
180 68
267 68
733 68
743 68
775 68
968 68
1408 68
1698 68
11 69
64 69
273 69
294 69
453 69
478 69
591 69
642 69
693 69
867 69
986 69
1044 69
1267 69
1282 69
1332 69
1466 69
1549 69
13 70
15 70
494 70
844 70
987 70
1013 70
1359 70
24 71
54 71
91 71
130 71
133 71
141 71
166 71
298 71
357 71
394 71
435 71
453 71
495 71
634 71
751 71
1071 71
1116 71
1211 71
1570 71
1641 71
4 72
6 72
118 72
892 72
29 73
41 73
171 73
319 73
407 73
457 73
1665 73
24 74
28 74
227 74
242 74
358 74
531 74
737 74
1055 74
1475 74
1698 74
30 75
54 75
87 75
111 75
398 75
765 75
1144 75
1526 75
11 76
43 76
391 76
827 76
1273 76
1862 76
1 77
47 77
93 77
154 77
187 77
345 77
389 77
400 77
423 77
514 77
524 77
683 77
825 77
917 77
981 77
1371 77
1438 77
1615 77
1782 77
23 78
25 78
198 78
253 78
271 78
293 78
360 78
658 78
1007 78
1111 78
1458 78
1532 78
7 79
67 79
167 79
224 79
280 79
317 79
351 79
597 79
966 79
1258 79
1547 79
1658 79
1802 79
12 80
49 80
216 80
414 80
719 80
934 80
1533 80
1610 80
45 81
49 81
88 81
103 81
149 81
347 81
519 81
603 81
1003 81
8 82
45 82
94 82
99 82
171 82
177 82
225 82
235 82
238 82
255 82
281 82
300 82
373 82
420 82
459 82
471 82
501 82
504 82
602 82
618 82
831 82
842 82
846 82
899 82
969 82
1010 82
1011 82
1054 82
1127 82
1203 82
1247 82
1263 82
1329 82
1338 82
1359 82
1403 82
1450 82
1501 82
1934 82
11 83
19 83
86 83
120 83
684 83
687 83
805 83
1492 83
1952 83
11 84
15 84
174 84
361 84
413 84
566 84
667 84
681 84
786 84
1215 84
1260 84
1276 84
1771 84
38 85
61 85
158 85
193 85
221 85
290 85
537 85
747 85
754 85
1436 85
1461 85
34 86
83 86
110 86
182 86
189 86
217 86
308 86
313 86
315 86
429 86
585 86
1127 86
1314 86
1580 86
4 87
75 87
201 87
49 88
81 88
177 88
197 88
208 88
320 88
350 88
378 88
386 88
455 88
505 88
511 88
555 88
709 88
897 88
923 88
955 88
1046 88
1169 88
1179 88
1310 88
1331 88
1433 88
1453 88
1483 88
1562 88
1890 88
7 89
24 89
278 89
521 89
529 89
721 89
1198 89
1222 89
1296 89
1859 89
12 90
22 90
205 90
352 90
1479 90
1819 90
12 91
71 91
299 91
338 91
370 91
454 91
459 91
535 91
543 91
561 91
593 91
1015 91
1040 91
1175 91
1380 91
1399 91
1416 91
1532 91
1550 91
1994 91
24 92
66 92
1796 92
4 93
77 93
162 93
707 93
66 94
82 94
563 94
1356 94
1672 94
1695 94
1972 94
35 95
39 95
759 95
24 96
26 96
140 96
207 96
5 97
8 97
129 97
440 97
906 97
1141 97
1163 97
1495 97
26 98
27 98
458 98
791 98
806 98
1225 98
1365 98
1400 98
1626 98
4 99
82 99
486 99
996 99
1443 99
22 100
34 100
226 100
952 100
1476 100
1611 100
1651 100
1652 100
1 101
46 101
496 101
11 102
12 102
5 103
81 103
145 103
302 103
350 103
661 103
1439 103
1943 103
11 104
13 104
323 104
616 104
670 104
1814 104
2 105
4 105
1670 105
11 106
25 106
144 106
221 106
345 106
382 106
539 106
888 106
1066 106
1724 106
1819 106
8 107
24 107
771 107
1158 107
1426 107
1820 107
5 108
30 108
170 108
195 108
359 108
418 108
466 108
642 108
678 108
732 108
797 108
1136 108
1210 108
1347 108
1365 108
1368 108
1378 108
1404 108
1594 108
1687 108
62 109
66 109
220 109
309 109
1205 109
1219 109
1431 109
1590 109
29 110
86 110
403 110
713 110
714 110
812 110
962 110
964 110
1041 110
1177 110
1259 110
1260 110
1269 110
1418 110
1571 110
1615 110
1815 110
38 111
75 111
422 111
4 112
10 112
148 112
769 112
894 112
1806 112
13 113
56 113
827 113
6 114
11 114
571 114
785 114
973 114
4 115
10 115
644 115
659 115
664 115
22 116
24 116
199 116
366 116
13 117
23 117
527 117
535 117
632 117
1020 117
1155 117
72 118
143 118
149 118
173 118
1854 118
37 119
41 119
121 119
406 119
426 119
1065 119
1747 119
1884 119
14 120
83 120
137 120
229 120
1539 120
46 121
119 121
156 121
222 121
270 121
315 121
327 121
343 121
409 121
445 121
446 121
492 121
540 121
725 121
739 121
743 121
869 121
1257 121
1748 121
1898 121
1958 121
21 122
47 122
671 122
707 122
821 122
1860 122
1 123
8 123
475 123
676 123
699 123
11 124
32 124
340 124
460 124
1113 124
1476 124
1665 124
1747 124
1947 124
26 125
46 125
735 125
764 125
12 126
41 126
147 126
218 126
279 126
283 126
498 126
563 126
803 126
928 126
965 126
1024 126
1228 126
1756 126
1913 126
2 127
48 127
197 127
375 127
583 127
836 127
8 128
56 128
152 128
178 128
263 128
1843 128
21 129
97 129
550 129
6 130
71 130
274 130
393 130
1106 130
1110 130
1410 130
1478 130
1703 130
49 131
51 131
4 132
13 132
201 132
395 132
413 132
549 132
848 132
870 132
932 132
1028 132
1162 132
1342 132
1351 132
1398 132
1482 132
1584 132
1717 132
1849 132
15 133
71 133
139 133
185 133
210 133
285 133
305 133
370 133
427 133
701 133
843 133
874 133
931 133
954 133
1148 133
1254 133
1614 133
10 134
51 134
206 134
237 134
266 134
568 134
586 134
588 134
746 134
774 134
779 134
858 134
860 134
1078 134
1145 134
1343 134
1719 134
1949 134
1988 134
26 135
59 135
182 135
222 135
1096 135
1523 135
12 136
13 136
168 136
234 136
241 136
344 136
415 136
549 136
566 136
897 136
942 136
1096 136
1917 136
56 137
120 137
1719 137
11 138
24 138
291 138
818 138
866 138
916 138
48 139
133 139
366 139
850 139
46 140
96 140
856 140
11 141
71 141
448 141
11 142
37 142
156 142
209 142
303 142
322 142
1570 142
1823 142
47 143
118 143
381 143
763 143
825 143
1048 143
1073 143
1105 143
1157 143
1548 143
1951 143
22 144
106 144
172 144
174 144
210 144
247 144
254 144
470 144
555 144
591 144
1060 144
1222 144
1539 144
1598 144
1770 144
12 145
103 145
11 146
18 146
544 146
799 146
1885 146
12 147
126 147
412 147
10 148
112 148
843 148
1360 148
1413 148
81 149
118 149
262 149
298 149
415 149
644 149
997 149
1059 149
1132 149
1224 149
1528 149
1910 149
6 150
15 150
24 151
32 151
206 151
1622 151
1796 151
1973 151
6 152
128 152
485 152
491 152
523 152
918 152
1159 152
1187 152
1268 152
1561 152
4 153
60 153
167 153
1280 153
56 154
77 154
1347 154
34 155
39 155
1699 155
1955 155
121 156
142 156
1108 156
34 157
49 157
188 157
297 157
420 157
584 157
909 157
1302 157
1773 157
26 158
85 158
524 158
1573 158
5 159
11 159
251 159
639 159
904 159
914 159
1998 159
38 160
68 160
374 160
1002 160
4 161
25 161
386 161
517 161
685 161
855 161
872 161
1172 161
1185 161
1374 161
1593 161
1718 161
56 162
93 162
207 162
442 162
512 162
729 162
845 162
1038 162
1041 162
1320 162
15 163
49 163
169 163
373 163
1429 163
1657 163
3 164
8 164
739 164
1550 164
1875 164
1 165
56 165
213 165
513 165
516 165
623 165
703 165
820 165
835 165
911 165
1262 165
1587 165
1683 165
1826 165
1937 165
11 166
71 166
1016 166
1301 166
79 167
153 167
1033 167
1052 167
1471 167
30 168
136 168
476 168
1769 168
1929 168
11 169
163 169
175 169
469 169
745 169
755 169
1106 169
1166 169
22 170
108 170
264 170
551 170
1139 170
1147 170
1502 170
73 171
82 171
336 171
456 171
467 171
834 171
964 171
1099 171
1180 171
4 172
144 172
1063 172
22 173
118 173
480 173
840 173
876 173
877 173
905 173
84 174
144 174
238 174
650 174
759 174
826 174
953 174
68 175
169 175
1490 175
1997 175
13 176
46 176
223 176
477 176
657 176
1291 176
82 177
88 177
698 177
702 177
961 177
1712 177
28 178
128 178
1189 178
6 179
59 179
631 179
1487 179
1538 179
11 180
68 180
185 180
186 180
1390 180
1738 180
49 181
56 181
561 181
1103 181
1354 181
86 182
135 182
24 183
51 183
262 183
542 183
1448 183
1903 183
8 184
10 184
857 184
133 185
180 185
1635 185
1693 185
1802 185
60 186
180 186
198 186
928 186
54 187
77 187
1382 187
7 188
157 188
17 189
86 189
243 189
247 189
249 189
250 189
310 189
331 189
369 189
437 189
510 189
607 189
618 189
1199 189
1376 189
1555 189
1639 189
1713 189
1840 189
1896 189
22 190
59 190
20 191
49 191
411 191
547 191
1049 191
12 192
38 192
223 192
232 192
368 192
407 192
502 192
575 192
647 192
657 192
698 192
1016 192
1122 192
1241 192
1428 192
1626 192
1666 192
1730 192
1783 192
1850 192
1883 192
7 193
85 193
272 193
464 193
507 193
4 194
49 194
204 194
289 194
378 194
425 194
783 194
1148 194
1670 194
24 195
108 195
248 195
390 195
601 195
624 195
813 195
882 195
946 195
1564 195
1638 195
6 196
25 196
205 196
839 196
1132 196
1269 196
88 197
127 197
329 197
488 197
1021 197
1130 197
1238 197
1316 197
1954 197
78 198
186 198
501 198
761 198
1204 198
1920 198
5 199
116 199
232 199
1798 199
1821 199
30 200
49 200
87 201
132 201
1496 201
1971 201
5 202
34 202
328 202
589 202
734 202
740 202
801 202
1076 202
1103 202
1206 202
1689 202
1834 202
1884 202
2 203
62 203
258 203
377 203
1028 203
1115 203
1133 203
1574 203
12 204
194 204
90 205
196 205
565 205
1300 205
1500 205
134 206
151 206
444 206
796 206
1595 206
1969 206
96 207
162 207
295 207
402 207
883 207
900 207
951 207
1383 207
54 208
88 208
231 208
278 208
445 208
533 208
802 208
1778 208
11 209
142 209
620 209
961 209
1276 209
1607 209
1736 209
1881 209
133 210
144 210
421 210
706 210
722 210
727 210
792 210
1845 210
11 211
34 211
1157 211
1491 211
1745 211
32 212
50 212
745 212
1482 212
26 213
165 213
713 213
1284 213
1864 213
6 214
49 214
465 214
1439 214
57 215
67 215
385 215
559 215
898 215
1067 215
1424 215
1714 215
1906 215
16 216
80 216
317 216
669 216
959 216
6 217
86 217
577 217
1681 217
12 218
126 218
395 218
579 218
663 218
685 218
823 218
907 218
5 219
19 219
236 219
56 220
109 220
460 220
887 220
1544 220
1868 220
85 221
106 221
848 221
1585 221
1604 221
1657 221
1667 221
121 222
135 222
251 222
1053 222
1229 222
1407 222
176 223
192 223
229 223
239 223
283 223
352 223
431 223
480 223
677 223
703 223
1105 223
11 224
79 224
449 224
511 224
679 224
822 224
860 224
926 224
1701 224
1999 224
24 225
82 225
458 225
721 225
1345 225
1383 225
1517 225
1891 225
11 226
100 226
920 226
26 227
74 227
594 227
762 227
1214 227
1484 227
1807 227
5 228
57 228
1312 228
120 229
223 229
1866 229
1979 229
51 230
59 230
8 231
208 231
1206 231
1468 231
192 232
199 232
9 233
56 233
239 233
447 233
521 233
694 233
819 233
879 233
1017 233
1201 233
1244 233
1421 233
1448 233
1583 233
1623 233
1659 233
1845 233
44 234
136 234
645 234
771 234
863 234
38 235
82 235
619 235
659 235
720 235
1265 235
1440 235
1776 235
59 236
219 236
790 236
1995 236
34 237
134 237
482 237
576 237
682 237
735 237
770 237
902 237
952 237
1080 237
1154 237
1348 237
1650 237
82 238
174 238
223 239
233 239
349 239
541 239
1022 239
1070 239
1173 239
1837 239
15 240
64 240
301 240
523 240
624 240
858 240
1040 240
1308 240
24 241
136 241
18 242
74 242
364 242
462 242
615 242
651 242
720 242
900 242
1283 242
1334 242
1395 242
1745 242
4 243
189 243
307 243
383 243
1982 243
4 244
54 244
400 244
479 244
1822 244
1981 244
1 245
6 245
272 245
284 245
377 245
463 245
672 245
993 245
1324 245
1640 245
1721 245
1829 245
4 246
23 246
1401 246
144 247
189 247
402 247
1292 247
1313 247
1742 247
24 248
195 248
252 248
364 248
468 248
479 248
481 248
556 248
578 248
671 248
941 248
1111 248
1295 248
21 249
189 249
1084 249
1256 249
1278 249
6 250
189 250
159 251
222 251
441 251
538 251
807 251
4 252
248 252
588 252
1621 252
1732 252
34 253
78 253
530 253
847 253
942 253
1005 253
1027 253
1409 253
1435 253
1536 253
1815 253
6 254
144 254
474 254
1235 254
1859 254
25 255
82 255
560 255
809 255
867 255
1423 255
1643 255
6 256
59 256
16 257
35 257
323 257
834 257
11 258
203 258
285 258
330 258
384 258
749 258
758 258
812 258
850 258
854 258
1422 258
1596 258
44 259
46 259
332 259
673 259
776 259
874 259
877 259
1004 259
1445 259
1650 259
1828 259
1912 259
2 260
22 260
340 260
354 260
424 260
873 260
1293 260
4 261
11 261
274 261
149 262
183 262
361 262
1645 262
7 263
128 263
46 264
170 264
530 264
1963 264
1 265
26 265
308 265
432 265
436 265
662 265
1154 265
1355 265
1379 265
1386 265
1415 265
1639 265
1726 265
1865 265
51 266
134 266
277 266
22 267
68 267
11 268
21 268
300 268
769 268
916 268
1749 268
1750 268
5 269
12 269
633 269
706 269
888 269
1283 269
1613 269
1628 269
1660 269
1888 269
16 270
121 270
733 270
766 270
901 270
1381 270
1872 270
1904 270
11 271
78 271
193 272
245 272
362 272
428 272
1483 272
13 273
69 273
130 274
261 274
919 274
4 275
47 275
313 275
518 275
741 275
935 275
1136 275
1863 275
6 276
16 276
47 277
266 277
693 277
1449 277
89 278
208 278
287 278
1118 278
1658 278
1871 278
22 279
126 279
1691 279
30 280
79 280
935 280
1221 280
26 281
82 281
288 281
542 281
1688 281
1729 281
4 282
56 282
126 283
223 283
1180 283
62 284
245 284
1174 284
133 285
258 285
423 285
1462 285
1920 285
26 286
35 286
949 286
24 287
278 287
1100 287
1486 287
24 288
281 288
571 288
691 288
852 288
1493 288
1761 288
4 289
194 289
1502 289
21 290
85 290
397 290
1655 290
51 291
138 291
318 291
1301 291
1587 291
1869 291
19 292
62 292
311 292
709 292
852 292
1026 292
1632 292
24 293
78 293
353 293
439 293
500 293
1126 293
1277 293
1577 293
15 294
69 294
7 295
207 295
332 295
605 295
1109 295
1627 295
28 296
37 296
391 296
1901 296
1944 296
66 297
157 297
71 298
149 298
978 298
1321 298
1602 298
1706 298
1948 298
35 299
91 299
1915 299
82 300
268 300
312 300
461 300
608 300
710 300
926 300
12 301
240 301
648 301
855 301
1087 301
1504 301
1628 301
1801 301
1856 301
56 302
103 302
1253 302
25 303
142 303
316 303
438 303
519 303
12 304
26 304
30 305
133 305
641 305
675 305
696 305
817 305
1403 305
24 306
30 306
16 307
243 307
433 307
446 307
1927 307
86 308
265 308
372 308
388 308
520 308
833 308
915 308
1113 308
1160 308
1551 308
1559 308
22 309
109 309
1513 309
1961 309
28 310
189 310
3 311
292 311
399 311
416 311
714 311
22 312
300 312
330 312
590 312
612 312
653 312
692 312
717 312
878 312
955 312
1052 312
86 313
275 313
1025 313
14 314
57 314
562 314
915 314
86 315
121 315
1417 315
1974 315
62 316
303 316
610 316
1015 316
1032 316
1072 316
1179 316
1362 316
1583 316
1686 316
79 317
216 317
487 317
689 317
1079 317
1320 317
2 318
291 318
451 318
802 318
937 318
1552 318
1933 318
1 319
73 319
355 319
613 319
983 319
1198 319
1924 319
4 320
88 320
324 320
349 320
1424 320
1930 320
24 321
53 321
1059 321
1309 321
47 322
142 322
499 322
960 322
1386 322
1635 322
104 323
257 323
636 323
782 323
881 323
1074 323
36 324
320 324
1562 324
6 325
56 325
343 325
1712 325
10 326
34 326
451 326
487 326
572 326
1335 326
1716 326
1992 326
4 327
121 327
1131 327
1663 327
1728 327
11 328
202 328
478 328
22 329
197 329
417 329
473 329
483 329
881 329
1081 329
1434 329
1437 329
1799 329
1808 329
258 330
312 330
731 330
1753 330
45 331
189 331
382 331
575 331
638 331
1233 331
259 332
295 332
853 332
5 333
17 333
1 334
35 334
750 334
1501 334
1537 334
6 335
26 335
552 335
1896 335
12 336
171 336
401 336
906 336
1137 336
1160 336
1349 336
1370 336
1457 336
1 337
67 337
1317 337
1469 337
1901 337
37 338
91 338
387 338
556 338
666 338
1143 338
1266 338
1624 338
1625 338
1664 338
25 339
44 339
1945 339
124 340
260 340
434 340
736 340
1591 340
1775 340
7 341
24 341
1303 341
8 342
36 342
475 342
954 342
1191 342
1586 342
1668 342
1997 342
121 343
325 343
49 344
136 344
398 344
1688 344
77 345
106 345
412 345
5 346
15 346
602 346
990 346
1109 346
1278 346
1710 346
1930 346
1996 346
4 347
81 347
39 348
45 348
1456 348
239 349
320 349
414 349
473 349
1228 349
88 350
103 350
629 350
947 350
1575 350
1955 350
54 351
79 351
824 351
1432 351
1503 351
1733 351
1921 351
1935 351
90 352
223 352
574 352
662 352
1983 352
15 353
293 353
612 353
1694 353
1759 353
1882 353
10 354
260 354
1633 354
64 355
319 355
1271 355
13 356
30 356
1182 356
61 357
71 357
525 357
766 357
1358 357
1504 357
15 358
74 358
21 359
108 359
4 360
78 360
388 360
500 360
531 360
675 360
1473 360
84 361
262 361
408 361
468 361
668 361
755 361
1077 361
1225 361
1441 361
62 362
272 362
845 362
11 363
56 363
1695 363
1805 363
242 364
248 364
1102 364
1879 364
39 365
61 365
1270 365
116 366
139 366
959 366
1940 366
1 367
49 367
387 367
548 367
620 367
744 367
822 367
24 368
192 368
779 368
1970 368
2 369
189 369
838 369
1281 369
91 370
133 370
397 370
831 370
1092 370
1435 370
1552 370
1699 370
1934 370
35 371
64 371
1939 371
54 372
308 372
527 372
82 373
163 373
903 373
1070 373
1757 373
16 374
160 374
1811 374
49 375
127 375
728 375
1823 375
11 376
30 376
1620 376
203 377
245 377
526 377
88 378
194 378
15 379
50 379
666 379
772 379
1281 379
49 380
66 380
12 381
143 381
106 382
331 382
13 383
243 383
403 383
428 383
756 383
48 384
258 384
496 384
677 384
983 384
1510 384
45 385
215 385
998 385
1325 385
88 386
161 386
470 386
497 386
637 386
1131 386
1496 386
1755 386
1766 386
338 387
367 387
1004 387
1629 387
1818 387
308 388
360 388
45 389
77 389
12 390
195 390
76 391
296 391
1678 391
1873 391
5 392
55 392
893 392
939 392
1066 392
1367 392
1557 392
1576 392
1844 392
24 393
130 393
569 393
1092 393
1397 393
21 394
71 394
1304 394
132 395
218 395
8 396
62 396
503 396
1163 396
1343 396
290 397
370 397
927 397
1426 397
75 398
344 398
515 398
610 398
919 398
937 398
998 398
1085 398
1181 398
1315 398
1323 398
1685 398
12 399
311 399
750 399
1088 399
1765 399
1973 399
2000 399
77 400
244 400
861 400
1329 400
56 401
336 401
532 401
1218 401
207 402
247 402
910 402
924 402
981 402
1013 402
1464 402
110 403
383 403
647 403
753 403
32 404
44 404
35 405
59 405
4 406
119 406
885 406
1216 406
73 407
192 407
668 407
1253 407
1560 407
1757 407
15 408
361 408
656 408
742 408
1149 408
1843 408
1924 408
51 409
121 409
427 409
3 410
50 410
41 411
191 411
1477 411
1605 411
147 412
345 412
700 412
780 412
1214 412
84 413
132 413
80 414
349 414
1243 414
136 415
149 415
1116 415
1306 415
46 416
311 416
489 416
554 416
632 416
731 416
737 416
795 416
1039 416
1114 416
1126 416
1560 416
1649 416
26 417
329 417
1192 417
22 418
108 418
499 418
604 418
1807 418
40 419
54 419
509 419
678 419
1029 419
1195 419
1249 419
1252 419
1344 419
1568 419
82 420
157 420
1241 420
1684 420
4 421
210 421
1061 421
45 422
111 422
752 422
1776 422
77 423
285 423
1000 423
1806 423
1 424
260 424
529 424
12 425
194 425
896 425
1682 425
4 426
119 426
1074 426
1242 426
1363 426
1648 426
133 427
409 427
1008 427
1231 427
1514 427
272 428
383 428
811 428
1149 428
1236 428
1240 428
1361 428
1621 428
59 429
86 429
30 430
66 430
890 430
34 431
223 431
24 432
265 432
757 432
1378 432
1810 432
26 433
307 433
462 433
580 433
788 433
1271 433
1515 433
20 434
340 434
449 434
868 434
1167 434
1814 434
1832 434
10 435
71 435
609 435
744 435
1151 435
1226 435
1250 435
1904 435
12 436
265 436
11 437
189 437
681 437
6 438
303 438
28 439
293 439
978 439
1380 439
1612 439
41 440
97 440
1239 440
1839 440
24 441
251 441
787 441
976 441
1563 441
1702 441
19 442
162 442
517 442
690 442
1027 442
1068 442
1363 442
1842 442
1 443
26 443
833 443
1247 443
11 444
206 444
1662 444
121 445
208 445
121 446
307 446
1831 446
11 447
233 447
525 447
634 447
635 447
4 448
141 448
493 448
622 448
826 448
224 449
434 449
536 449
1368 449
1762 449
18 450
42 450
557 450
638 450
643 450
718 450
751 450
790 450
1209 450
1242 450
1790 450
1809 450
1976 450
1995 450
318 451
326 451
1306 451
12 452
14 452
69 453
71 453
553 453
853 453
1053 453
1385 453
1838 453
24 454
91 454
35 455
88 455
665 455
1079 455
1189 455
1194 455
49 456
171 456
711 456
1175 456
54 457
73 457
654 457
1453 457
1605 457
98 458
225 458
513 458
956 458
82 459
91 459
1897 459
124 460
220 460
582 460
46 461
300 461
1451 461
1951 461
242 462
433 462
1716 462
1918 462
34 463
245 463
587 463
768 463
991 463
1045 463
1465 463
1808 463
13 464
193 464
24 465
214 465
1369 465
1877 465
1883 465
1929 465
12 466
108 466
734 466
1022 466
1237 466
1239 466
1722 466
1746 466
1895 466
12 467
171 467
477 467
781 467
901 467
1152 467
248 468
361 468
696 468
13 469
169 469
814 469
896 469
1121 469
144 470
386 470
34 471
82 471
12 472
26 472
1245 472
329 473
349 473
505 473
1036 473
1122 473
1208 473
1488 473
1691 473
48 474
254 474
1097 474
123 475
342 475
1303 475
1344 475
67 476
168 476
994 476
176 477
467 477
663 477
69 478
328 478
947 478
1318 478
1803 478
1900 478
244 479
248 479
508 479
607 479
173 480
223 480
46 481
248 481
1892 481
49 482
237 482
767 482
1768 482
1947 482
49 483
329 483
1223 483
1336 483
1415 483
6 484
11 484
1125 484
15 485
152 485
1196 485
1361 485
7 486
99 486
736 486
317 487
326 487
596 487
793 487
1065 487
1288 487
1455 487
12 488
197 488
1282 488
1599 488
1894 488
4 489
416 489
557 489
849 489
1007 489
1326 489
26 490
49 490
984 490
35 491
152 491
544 491
708 491
717 491
1086 491
34 492
121 492
1210 492
1766 492
52 493
448 493
944 493
19 494
70 494
630 494
674 494
1646 494
29 495
71 495
574 495
1178 495
101 496
384 496
1275 496
11 497
386 497
1853 497
19 498
126 498
1075 498
1183 498
322 499
418 499
293 500
360 500
540 500
1392 500
1406 500
1477 500
1554 500
1571 500
1616 500
1634 500
1885 500
82 501
198 501
628 501
1120 501
14 502
192 502
6 503
396 503
654 503
798 503
1401 503
1746 503
5 504
82 504
1749 504
88 505
473 505
611 505
842 505
918 505
972 505
1117 505
1800 505
2 506
16 506
54 507
193 507
697 507
887 507
1328 507
1642 507
1773 507
1942 507
14 508
479 508
56 509
419 509
34 510
189 510
772 510
1649 510
88 511
224 511
967 511
27 512
162 512
740 512
832 512
165 513
458 513
1474 513
12 514
77 514
596 514
4 515
398 515
789 515
4 516
165 516
1062 516
1309 516
161 517
442 517
979 517
1107 517
1536 517
12 518
275 518
1208 518
1252 518
1295 518
1625 518
81 519
303 519
885 519
938 519
1452 519
49 520
308 520
605 520
89 521
233 521
1 522
17 522
152 523
240 523
948 523
77 524
158 524
357 525
447 525
532 525
1288 525
1335 525
1438 525
1609 525
6 526
377 526
1201 526
1673 526
1863 526
117 527
372 527
1 528
29 528
547 528
1057 528
1339 528
89 529
424 529
995 529
1094 529
253 530
264 530
74 531
360 531
401 532
525 532
11 533
208 533
613 533
1012 533
11 534
15 534
559 534
1596 534
1718 534
91 535
117 535
716 535
1800 535
4 536
449 536
27 537
85 537
594 537
32 538
251 538
5 539
106 539
884 539
1572 539
1784 539
121 540
500 540
669 540
1442 540
3 541
239 541
551 541
183 542
281 542
688 542
841 542
988 542
1212 542
1758 542
26 543
91 543
565 543
146 544
491 544
1609 544
49 545
56 545
691 545
950 545
1680 545
5 546
34 546
191 547
528 547
815 547
830 547
1946 547
60 548
367 548
940 548
1367 548
132 549
136 549
748 549
1792 549
7 550
129 550
586 550
911 550
1038 550
1293 550
1656 550
170 551
541 551
1511 551
14 552
335 552
689 552
777 552
1878 552
51 553
453 553
749 553
14 554
416 554
932 554
1722 554
88 555
144 555
797 555
1164 555
1882 555
248 556
338 556
814 556
450 557
489 557
716 557
5 558
8 558
730 558
215 559
534 559
1 560
255 560
91 561
181 561
4 562
314 562
94 563
126 563
950 563
1 564
51 564
639 564
1289 564
1525 564
1708 564
1974 564
205 565
543 565
84 566
136 566
8 567
12 567
1058 567
61 568
134 568
1527 568
14 569
393 569
626 569
6 570
7 570
615 570
616 570
1049 570
114 571
288 571
830 571
844 571
905 571
1664 571
1783 571
46 572
326 572
15 573
30 573
1008 573
352 574
495 574
700 574
917 574
192 575
331 575
943 575
24 576
237 576
7 577
217 577
864 577
35 578
248 578
1388 578
12 579
218 579
623 579
12 580
433 580
1 581
56 581
941 581
956 581
1039 581
1240 581
1756 581
1824 581
59 582
460 582
1717 582
58 583
127 583
11 584
157 584
64 585
86 585
1297 585
134 586
550 586
1005 586
1490 586
15 587
463 587
970 587
1057 587
1841 587
134 588
252 588
7 589
202 589
748 589
1914 589
24 590
312 590
648 590
1275 590
69 591
144 591
11 592
19 592
7 593
91 593
803 593
227 594
537 594
4 595
23 595
487 596
514 596
5 597
79 597
19 598
51 598
1064 598
2 599
60 599
1394 599
1675 599
6 600
12 600
13 601
195 601
999 601
1014 601
82 602
346 602
1 603
81 603
628 603
1861 603
58 604
418 604
650 604
977 604
1537 604
295 605
520 605
13 606
48 606
1922 606
189 607
479 607
49 608
300 608
1218 608
28 609
435 609
949 609
316 610
398 610
829 610
903 610
995 610
1437 610
6 611
505 611
1690 611
312 612
353 612
319 613
533 613
2 614
53 614
1129 614
242 615
570 615
637 615
976 615
1217 615
1529 615
104 616
570 616
863 616
4 617
13 617
621 617
625 617
1014 617
82 618
189 618
684 618
908 618
1 619
235 619
1440 619
209 620
367 620
1186 620
1835 620
4 621
617 621
15 622
448 622
1168 622
1213 622
1245 622
1579 622
165 623
579 623
679 623
195 624
240 624
672 624
28 625
617 625
4 626
569 626
4 627
16 627
501 628
603 628
11 629
350 629
37 630
494 630
1254 630
1519 630
1533 630
48 631
179 631
1018 631
1529 631
117 632
416 632
4 633
269 633
810 633
963 633
1042 633
1188 633
1246 633
1414 633
1492 633
1544 633
1865 633
71 634
447 634
1813 634
27 635
447 635
64 636
323 636
386 637
615 637
331 638
450 638
159 639
564 639
1505 639
16 640
26 640
661 640
889 640
1 641
305 641
1356 641
1471 641
69 642
108 642
1037 642
1484 642
1778 642
1799 642
1962 642
14 643
450 643
115 644
149 644
1741 644
5 645
234 645
1425 645
4 646
6 646
1298 646
192 647
403 647
786 647
1414 647
301 648
590 648
5 649
11 649
174 650
604 650
50 651
242 651
1692 651
47 652
56 652
680 652
953 652
1130 652
1632 652
1864 652
19 653
312 653
723 653
457 654
503 654
1054 654
1098 654
1622 654
4 655
46 655
1697 655
24 656
408 656
176 657
192 657
8 658
78 658
115 659
235 659
12 660
32 660
103 661
640 661
265 662
352 662
218 663
477 663
674 663
824 663
46 664
115 664
12 665
455 665
816 665
1706 665
338 666
379 666
13 667
84 667
1900 667
361 668
407 668
1006 668
1740 668
1922 668
216 669
540 669
11 670
104 670
122 671
248 671
865 671
245 672
624 672
1138 672
1486 672
4 673
259 673
780 673
1036 673
1089 673
1118 673
1576 673
1811 673
1822 673
1855 673
494 674
663 674
930 674
1058 674
305 675
360 675
1789 675
34 676
123 676
223 677
384 677
108 678
419 678
1330 678
224 679
623 679
701 679
1220 679
1457 679
66 680
652 680
985 680
84 681
437 681
1810 681
8 682
237 682
1051 682
1152 682
1982 682
1988 682
56 683
77 683
692 683
723 683
1341 683
83 684
618 684
161 685
218 685
1462 685
2 686
56 686
1735 686
17 687
83 687
1060 687
1135 687
62 688
542 688
1018 688
1138 688
1355 688
1642 688
1911 688
317 689
552 689
695 689
1743 689
16 690
442 690
1442 690
1976 690
288 691
545 691
1842 691
1984 691
312 692
683 692
69 693
277 693
1940 693
38 694
233 694
726 694
1366 694
1565 694
1760 694
19 695
689 695
738 695
977 695
1408 695
305 696
468 696
1023 696
1919 696
8 697
507 697
177 698
192 698
1394 698
1727 698
1889 698
12 699
123 699
412 700
574 700
1024 700
133 701
679 701
719 701
1256 701
1907 701
21 702
177 702
1287 702
165 703
223 703
871 703
1287 703
1750 703
13 704
51 704
6 705
59 705
891 705
1748 705
1825 705
210 706
269 706
1730 706
93 707
122 707
45 708
491 708
775 708
1023 708
88 709
292 709
1298 709
1325 709
12 710
300 710
15 711
456 711
890 711
940 711
1390 711
1676 711
1981 711
15 712
34 712
110 713
213 713
1129 713
1333 713
110 714
311 714
2 715
11 715
973 715
1919 715
535 716
557 716
1936 716
1948 716
312 717
491 717
1366 717
19 718
450 718
1463 718
1505 718
80 719
701 719
235 720
242 720
89 721
225 721
39 722
210 722
653 723
683 723
2 724
54 724
1051 724
8 725
121 725
1134 725
1419 725
1788 725
1979 725
4 726
694 726
1020 726
1989 726
8 727
210 727
28 728
375 728
15 729
162 729
1203 729
18 730
558 730
330 731
416 731
784 731
56 732
108 732
68 733
270 733
781 733
1351 733
1512 733
1634 733
1715 733
202 734
466 734
1212 734
125 735
237 735
340 736
486 736
933 736
1087 736
74 737
416 737
1549 737
5 738
695 738
869 738
1084 738
1095 738
1499 738
1775 738
1957 738
121 739
164 739
202 740
512 740
774 740
1786 740
11 741
275 741
1249 741
12 742
408 742
68 743
121 743
761 743
367 744
435 744
169 745
212 745
884 745
26 746
134 746
1902 746
4 747
85 747
1006 747
549 748
589 748
258 749
553 749
908 749
334 750
399 750
1809 750
71 751
450 751
1553 751
38 752
422 752
1302 752
24 753
403 753
938 753
21 754
85 754
1534 754
1804 754
169 755
361 755
910 755
11 756
383 756
1150 756
24 757
432 757
868 757
1230 757
1522 757
19 758
258 758
95 759
174 759
784 759
2 760
3 760
768 760
1928 760
198 761
743 761
1115 761
55 762
227 762
920 762
1869 762
26 763
143 763
1 764
125 764
4 765
75 765
1542 765
270 766
357 766
1168 766
1178 766
1289 766
56 767
482 767
879 767
1000 767
1031 767
1540 767
463 768
760 768
778 768
800 768
875 768
1089 768
1185 768
1352 768
1705 768
1944 768
2000 768
112 769
268 769
21 770
237 770
107 771
234 771
862 771
997 771
379 772
510 772
1216 772
1567 772
1 773
4 773
1294 773
134 774
740 774
1873 774
68 775
708 775
38 776
259 776
1176 776
1338 776
1420 776
1679 776
1912 776
25 777
552 777
12 778
768 778
134 779
368 779
804 779
412 780
673 780
837 780
1787 780
467 781
733 781
24 782
323 782
1285 782
11 783
194 783
1572 783
731 784
759 784
11 785
114 785
1967 785
84 786
647 786
10 787
441 787
12 788
433 788
12 789
515 789
840 789
1780 789
236 790
450 790
1009 790
1161 790
1264 790
1655 790
1710 790
1876 790
6 791
98 791
16 792
210 792
1861 792
1 793
487 793
1128 793
1677 793
4 794
7 794
886 794
957 794
48 795
416 795
1268 795
1952 795
42 796
206 796
108 797
555 797
1037 797
1653 797
1669 797
48 798
503 798
1139 798
14 799
146 799
1816 799
5 800
768 800
1120 800
1197 800
1447 800
46 801
202 801
866 801
895 801
1662 801
208 802
318 802
1274 802
1886 802
126 803
593 803
18 804
779 804
936 804
1104 804
1503 804
1636 804
26 805
83 805
878 805
12 806
98 806
27 807
251 807
876 807
895 807
1468 807
32 808
37 808
1774 808
49 809
255 809
1209 809
1617 809
1868 809
1908 809
6 810
633 810
975 810
1186 810
4 811
428 811
1337 811
110 812
258 812
1945 812
22 813
195 813
469 814
556 814
1683 814
11 815
547 815
4 816
665 816
1153 816
2 817
305 817
12 818
138 818
1119 818
26 819
233 819
1031 819
25 820
165 820
912 820
49 821
122 821
1019 821
224 822
367 822
7 823
218 823
962 823
351 824
663 824
77 825
143 825
960 825
174 826
448 826
76 827
113 827
4 828
12 828
991 828
1200 828
1391 828
1512 828
1535 828
1616 828
1833 828
24 829
610 829
849 829
547 830
571 830
1093 830
1234 830
1379 830
82 831
370 831
1081 831
47 832
512 832
308 833
443 833
171 834
257 834
1656 834
21 835
165 835
1878 835
46 836
127 836
1515 836
1729 836
14 837
780 837
55 838
369 838
1441 838
1720 838
45 839
196 839
929 839
966 839
173 840
789 840
1108 840
56 841
542 841
1069 841
82 842
505 842
1259 842
1314 842
1387 842
133 843
148 843
871 843
70 844
571 844
992 844
1280 844
1420 844
1763 844
162 845
362 845
1798 845
46 846
82 846
913 846
965 846
1009 846
1213 846
1751 846
60 847
253 847
851 847
132 848
221 848
489 849
829 849
1459 849
139 850
258 850
873 850
1067 850
1787 850
21 851
847 851
913 851
1010 851
288 852
292 852
1377 852
332 853
453 853
46 854
258 854
923 854
161 855
301 855
1466 855
24 856
140 856
1086 856
1968 856
25 857
184 857
971 857
1500 857
1846 857
134 858
240 858
4 859
34 859
1299 859
134 860
224 860
982 860
1372 860
38 861
400 861
980 861
1579 861
36 862
771 862
1731 862
234 863
616 863
66 864
577 864
999 864
5 865
671 865
138 866
801 866
1804 866
69 867
255 867
434 868
757 868
1334 868
1553 868
121 869
738 869
1977 869
24 870
132 870
980 870
1957 870
703 871
843 871
968 871
28 872
161 872
1032 872
1318 872
1497 872
1866 872
260 873
850 873
1094 873
1627 873
133 874
259 874
1473 874
24 875
768 875
173 876
807 876
173 877
259 877
1402 877
312 878
805 878
233 879
767 879
2 880
24 880
323 881
329 881
1207 881
1 882
195 882
1001 882
1173 882
1510 882
13 883
207 883
1514 883
539 884
745 884
1914 884
406 885
519 885
5 886
794 886
220 887
507 887
1072 887
106 888
269 888
1411 888
67 889
640 889
430 890
711 890
1781 890
24 891
705 891
921 891
1146 891
1833 891
1936 891
54 892
72 892
19 893
392 893
1291 893
11 894
112 894
1530 894
801 895
807 895
425 896
469 896
1417 896
1777 896
88 897
136 897
1114 897
12 898
215 898
12 899
82 899
207 900
242 900
270 901
467 901
1200 901
1346 901
50 902
237 902
373 903
610 903
2 904
159 904
1048 904
173 905
571 905
97 906
336 906
39 907
218 907
618 908
749 908
56 909
157 909
1381 909
402 910
755 910
912 910
939 910
165 911
550 911
914 911
993 911
1467 911
1893 911
820 912
910 912
846 913
851 913
972 913
159 914
911 914
1603 914
1939 914
308 915
314 915
1520 915
138 916
268 916
77 917
574 917
1202 917
1671 917
152 918
505 918
274 919
398 919
1986 919
226 920
762 920
28 921
891 921
6 922
14 922
88 923
854 923
6 924
402 924
1404 924
1964 924
1969 924
4 925
8 925
994 925
1125 925
224 926
300 926
28 927
397 927
126 928
186 928
13 929
839 929
5 930
674 930
29 931
133 931
132 932
554 932
5 933
736 933
11 934
80 934
275 935
280 935
53 936
804 936
1147 936
1341 936
1555 936
318 937
398 937
1931 937
519 938
753 938
392 939
910 939
1083 939
548 940
711 940
248 941
581 941
1112 941
136 942
253 942
1217 942
1412 942
1727 942
1789 942
21 943
575 943
1876 943
24 944
493 944
24 945
29 945
951 945
1055 945
1827 945
14 946
195 946
1305 946
350 947
478 947
975 947
1340 947
49 948
523 948
1777 948
1992 948
286 949
609 949
545 950
563 950
1620 950
207 951
945 951
1765 951
100 952
237 952
1606 952
174 953
652 953
1324 953
133 954
342 954
88 955
312 955
1121 955
458 956
581 956
990 956
1566 956
1685 956
6 957
794 957
22 958
24 958
1307 958
1595 958
216 959
366 959
322 960
825 960
1158 960
177 961
209 961
110 962
823 962
1534 962
1828 962
1994 962
11 963
633 963
1972 963
110 964
171 964
1958 964
126 965
846 965
79 966
839 966
38 967
511 967
68 968
871 968
51 969
82 969
1485 969
48 970
587 970
1449 970
1554 970
1763 970
56 971
857 971
505 972
913 972
1090 972
1653 972
114 973
715 973
11 974
26 974
810 975
947 975
441 976
615 976
1687 976
604 977
695 977
298 978
439 978
1012 978
1724 978
24 979
517 979
1360 979
861 980
870 980
1099 980
1764 980
77 981
402 981
1454 981
1629 981
1991 981
42 982
860 982
1330 982
319 983
384 983
1080 983
8 984
490 984
1738 984
1788 984
1 985
680 985
1388 985
35 986
69 986
1594 986
4 987
70 987
66 988
542 988
28 989
34 989
1428 989
346 990
956 990
463 991
828 991
19 992
844 992
1110 992
245 993
911 993
476 994
925 994
529 995
610 995
24 996
99 996
1669 996
1821 996
149 997
771 997
1043 997
385 998
398 998
1307 998
1637 998
601 999
864 999
1585 999
1905 999
423 1000
767 1000
11 1001
882 1001
1967 1001
12 1002
160 1002
1321 1002
1446 1002
7 1003
81 1003
1123 1003
1427 1003
1474 1003
1674 1003
1786 1003
259 1004
387 1004
1350 1004
1611 1004
253 1005
586 1005
668 1006
747 1006
78 1007
489 1007
427 1008
573 1008
790 1009
846 1009
1073 1009
1187 1009
1832 1009
82 1010
851 1010
1227 1010
10 1011
82 1011
533 1012
978 1012
1597 1012
70 1013
402 1013
601 1014
617 1014
1538 1014
91 1015
316 1015
166 1016
192 1016
1660 1016
25 1017
233 1017
631 1018
688 1018
46 1019
821 1019
1836 1019
117 1020
726 1020
46 1021
197 1021
1047 1021
1183 1021
239 1022
466 1022
1927 1022
696 1023
708 1023
126 1024
700 1024
1221 1024
1 1025
313 1025
56 1026
292 1026
1472 1026
253 1027
442 1027
1044 1027
1327 1027
132 1028
203 1028
6 1029
419 1029
5 1030
46 1030
767 1031
819 1031
316 1032
872 1032
7 1033
167 1033
13 1034
39 1034
1243 1034
1782 1034
24 1035
25 1035
473 1036
673 1036
1409 1036
1456 1036
642 1037
797 1037
162 1038
550 1038
1485 1038
416 1039
581 1039
91 1040
240 1040
110 1041
162 1041
1 1042
633 1042
1134 1042
1862 1042
4 1043
997 1043
69 1044
1027 1044
54 1045
463 1045
1801 1045
21 1046
88 1046
1732 1046
36 1047
1021 1047
1174 1047
1195 1047
143 1048
904 1048
1407 1048
191 1049
570 1049
1741 1049
1942 1049
4 1050
45 1050
682 1051
724 1051
1684 1051
167 1052
312 1052
222 1053
453 1053
82 1054
654 1054
1227 1054
74 1055
945 1055
4 1056
43 1056
528 1057
587 1057
567 1058
674 1058
149 1059
321 1059
1292 1059
1797 1059
144 1060
687 1060
11 1061
421 1061
1837 1061
1881 1061
12 1062
516 1062
4 1063
172 1063
61 1064
598 1064
119 1065
487 1065
106 1066
392 1066
215 1067
850 1067
1322 1067
1852 1067
12 1068
442 1068
4 1069
841 1069
1263 1069
1481 1069
239 1070
373 1070
5 1071
71 1071
316 1072
887 1072
143 1073
1009 1073
323 1074
426 1074
22 1075
498 1075
11 1076
202 1076
1220 1076
1949 1076
11 1077
361 1077
11 1078
134 1078
317 1079
455 1079
237 1080
983 1080
329 1081
831 1081
19 1082
51 1082
1956 1082
24 1083
939 1083
1232 1083
249 1084
738 1084
61 1085
398 1085
491 1086
856 1086
1451 1086
301 1087
736 1087
1393 1087
39 1088
399 1088
673 1089
768 1089
1299 1089
16 1090
972 1090
11 1091
64 1091
1824 1091
370 1092
393 1092
1848 1092
10 1093
830 1093
529 1094
873 1094
62 1095
738 1095
1432 1095
1999 1095
135 1096
136 1096
1848 1096
64 1097
474 1097
1387 1097
2 1098
654 1098
1791 1098
171 1099
980 1099
34 1100
287 1100
11 1101
46 1101
1667 1101
15 1102
364 1102
1742 1102
1933 1102
181 1103
202 1103
21 1104
804 1104
143 1105
223 1105
130 1106
169 1106
11 1107
517 1107
1297 1107
156 1108
840 1108
295 1109
346 1109
1676 1109
130 1110
992 1110
1164 1110
78 1111
248 1111
6 1112
941 1112
124 1113
308 1113
1618 1113
416 1114
897 1114
1373 1114
203 1115
761 1115
71 1116
415 1116
1487 1116
1781 1116
5 1117
505 1117
278 1118
673 1118
12 1119
818 1119
1779 1119
501 1120
800 1120
469 1121
955 1121
192 1122
473 1122
1327 1122
2 1123
1003 1123
30 1124
47 1124
484 1125
925 1125
1384 1125
293 1126
416 1126
1767 1126
82 1127
86 1127
28 1128
793 1128
614 1129
713 1129
1619 1129
197 1130
652 1130
1272 1130
1478 1130
327 1131
386 1131
1569 1131
149 1132
196 1132
1266 1132
1525 1132
11 1133
203 1133
1357 1133
725 1134
1042 1134
1399 1134
1 1135
687 1135
1479 1135
108 1136
275 1136
1 1137
336 1137
672 1138
688 1138
170 1139
798 1139
1541 1139
5 1140
65 1140
55 1141
97 1141
1817 1141
6 1142
65 1142
1 1143
338 1143
1464 1143
1737 1143
5 1144
75 1144
21 1145
134 1145
1675 1145
4 1146
891 1146
1192 1146
1224 1146
1631 1146
170 1147
936 1147
1918 1147
133 1148
194 1148
1193 1148
408 1149
428 1149
1229 1149
11 1150
756 1150
1389 1150
4 1151
435 1151
467 1152
682 1152
1506 1152
56 1153
816 1153
237 1154
265 1154
1193 1154
1419 1154
1697 1154
6 1155
117 1155
1613 1155
21 1156
23 1156
1177 1156
1286 1156
1312 1156
1513 1156
1779 1156
1840 1156
143 1157
211 1157
107 1158
960 1158
1494 1158
41 1159
152 1159
1709 1159
308 1160
336 1160
46 1161
790 1161
1830 1161
6 1162
132 1162
97 1163
396 1163
555 1164
1110 1164
1472 1164
4 1165
5 1165
1558 1165
21 1166
169 1166
12 1167
434 1167
1575 1167
622 1168
766 1168
1191 1168
51 1169
88 1169
26 1170
49 1170
6 1171
12 1171
46 1172
161 1172
239 1173
882 1173
284 1174
1047 1174
1345 1174
1769 1174
91 1175
456 1175
1497 1175
4 1176
776 1176
110 1177
1156 1177
495 1178
766 1178
1774 1178
1870 1178
88 1179
316 1179
171 1180
283 1180
1890 1180
54 1181
398 1181
56 1182
356 1182
498 1183
1021 1183
5 1184
61 1184
161 1185
768 1185
1526 1185
620 1186
810 1186
1495 1186
152 1187
1009 1187
1237 1187
55 1188
633 1188
178 1189
455 1189
8 1190
37 1190
342 1191
1168 1191
417 1192
1146 1192
1148 1193
1154 1193
1223 1193
1396 1193
1521 1193
19 1194
455 1194
1707 1194
1772 1194
419 1195
1047 1195
1235 1195
1406 1195
1731 1195
24 1196
485 1196
1211 1196
1874 1196
28 1197
800 1197
89 1198
319 1198
1521 1198
15 1199
189 1199
1317 1199
828 1200
901 1200
233 1201
526 1201
1311 1201
4 1202
917 1202
1244 1202
1888 1202
82 1203
729 1203
1 1204
198 1204
1674 1204
47 1205
109 1205
1591 1205
202 1206
231 1206
1 1207
881 1207
473 1208
518 1208
1574 1208
450 1209
809 1209
1255 1209
1310 1209
1608 1209
108 1210
492 1210
71 1211
1196 1211
542 1212
734 1212
1887 1212
622 1213
846 1213
1899 1213
227 1214
412 1214
26 1215
84 1215
1689 1215
1938 1215
406 1216
772 1216
615 1217
942 1217
401 1218
608 1218
1265 1218
1728 1218
4 1219
109 1219
679 1220
1076 1220
1733 1220
1857 1220
280 1221
1024 1221
1599 1221
89 1222
144 1222
1600 1222
483 1223
1193 1223
149 1224
1146 1224
98 1225
361 1225
11 1226
435 1226
1010 1227
1054 1227
1494 1227
1638 1227
1754 1227
126 1228
349 1228
1581 1228
222 1229
1149 1229
5 1230
757 1230
21 1231
427 1231
1723 1231
21 1232
1083 1232
1643 1232
38 1233
331 1233
43 1234
830 1234
1771 1234
254 1235
1195 1235
26 1236
428 1236
466 1237
1187 1237
1322 1237
64 1238
197 1238
440 1239
466 1239
428 1240
581 1240
192 1241
420 1241
426 1242
450 1242
1267 1242
1470 1242
1481 1242
1522 1242
1978 1242
414 1243
1034 1243
233 1244
1202 1244
1546 1244
1705 1244
472 1245
622 1245
26 1246
633 1246
82 1247
443 1247
1543 1247
1736 1247
1744 1247
41 1248
55 1248
419 1249
741 1249
11 1250
435 1250
38 1251
41 1251
1385 1251
419 1252
518 1252
1391 1252
302 1253
407 1253
133 1254
630 1254
56 1255
1209 1255
249 1256
701 1256
1744 1256
32 1257
121 1257
1372 1257
9 1258
79 1258
110 1259
842 1259
1509 1259
84 1260
110 1260
4 1261
10 1261
47 1262
165 1262
1578 1262
82 1263
1069 1263
11 1264
790 1264
235 1265
1218 1265
338 1266
1132 1266
1311 1266
69 1267
1242 1267
1834 1267
152 1268
795 1268
1805 1268
1915 1268
110 1269
196 1269
1331 1269
1507 1269
12 1270
365 1270
355 1271
433 1271
62 1272
1130 1272
56 1273
76 1273
1443 1273
12 1274
802 1274
1319 1274
496 1275
590 1275
1405 1275
84 1276
209 1276
1531 1276
5 1277
293 1277
249 1278
346 1278
42 1279
49 1279
1704 1279
153 1280
844 1280
369 1281
379 1281
69 1282
488 1282
242 1283
269 1283
51 1284
213 1284
49 1285
782 1285
11 1286
1156 1286
1740 1286
702 1287
703 1287
487 1288
525 1288
564 1289
766 1289
11 1290
25 1290
1851 1290
176 1291
893 1291
247 1292
1059 1292
260 1293
550 1293
1593 1293
25 1294
773 1294
1396 1294
248 1295
518 1295
56 1296
89 1296
585 1297
1107 1297
646 1298
709 1298
1545 1298
1623 1298
859 1299
1089 1299
42 1300
205 1300
166 1301
291 1301
157 1302
752 1302
341 1303
475 1303
1867 1303
4 1304
394 1304
38 1305
946 1305
1551 1305
415 1306
451 1306
1975 1306
958 1307
998 1307
2 1308
240 1308
321 1309
516 1309
88 1310
1209 1310
1201 1311
1266 1311
228 1312
1156 1312
1362 1312
1541 1312
4 1313
247 1313
86 1314
842 1314
49 1315
398 1315
1337 1315
61 1316
197 1316
337 1317
1199 1317
478 1318
872 1318
1519 1318
15 1319
1274 1319
1835 1319
162 1320
317 1320
298 1321
1002 1321
1067 1322
1237 1322
67 1323
398 1323
1961 1323
245 1324
953 1324
385 1325
709 1325
1558 1325
10 1326
489 1326
1027 1327
1122 1327
1 1328
507 1328
1907 1328
82 1329
400 1329
678 1330
982 1330
88 1331
1269 1331
1402 1331
12 1332
69 1332
46 1333
713 1333
242 1334
868 1334
326 1335
525 1335
1577 1335
24 1336
483 1336
1374 1336
1701 1336
811 1337
1315 1337
1371 1337
1480 1337
82 1338
776 1338
48 1339
528 1339
62 1340
947 1340
1527 1340
1826 1340
683 1341
936 1341
1841 1341
1 1342
132 1342
134 1343
396 1343
419 1344
475 1344
225 1345
1174 1345
1661 1345
16 1346
901 1346
1517 1346
108 1347
154 1347
1458 1347
45 1348
237 1348
4 1349
336 1349
59 1350
1004 1350
132 1351
733 1351
8 1352
768 1352
1508 1352
4 1353
53 1353
13 1354
181 1354
265 1355
688 1355
1830 1355
94 1356
641 1356
7 1357
1133 1357
54 1358
357 1358
70 1359
82 1359
148 1360
979 1360
428 1361
485 1361
316 1362
1312 1362
426 1363
442 1363
1825 1363
1 1364
46 1364
98 1365
108 1365
1413 1365
694 1366
717 1366
1721 1366
392 1367
548 1367
1423 1367
1445 1367
108 1368
449 1368
5 1369
465 1369
1463 1369
1870 1369
14 1370
336 1370
77 1371
1337 1371
1405 1371
860 1372
1257 1372
8 1373
1114 1373
1725 1373
161 1374
1336 1374
8 1375
11 1375
12 1376
189 1376
4 1377
852 1377
108 1378
432 1378
1692 1378
265 1379
830 1379
91 1380
439 1380
270 1381
909 1381
1 1382
187 1382
207 1383
225 1383
4 1384
1125 1384
453 1385
1251 1385
265 1386
322 1386
842 1387
1097 1387
578 1388
985 1388
1637 1388
23 1389
1150 1389
180 1390
711 1390
828 1391
1252 1391
56 1392
500 1392
46 1393
1087 1393
599 1394
698 1394
24 1395
242 1395
1193 1396
1294 1396
12 1397
393 1397
1493 1397
10 1398
132 1398
91 1399
1134 1399
1470 1399
1630 1399
1648 1399
12 1400
98 1400
246 1401
503 1401
877 1402
1331 1402
82 1403
305 1403
108 1404
924 1404
1275 1405
1371 1405
1469 1405
500 1406
1195 1406
1987 1406
222 1407
1048 1407
68 1408
695 1408
253 1409
1036 1409
54 1410
130 1410
49 1411
888 1411
24 1412
942 1412
148 1413
1365 1413
633 1414
647 1414
1425 1414
265 1415
483 1415
30 1416
91 1416
315 1417
896 1417
15 1418
110 1418
725 1419
1154 1419
1813 1419
1894 1419
776 1420
844 1420
32 1421
233 1421
1465 1421
6 1422
258 1422
1433 1422
255 1423
1367 1423
215 1424
320 1424
645 1425
1414 1425
1447 1425
1644 1425
107 1426
397 1426
15 1427
1003 1427
1636 1427
192 1428
989 1428
1 1429
163 1429
1559 1429
4 1430
12 1430
1938 1430
6 1431
109 1431
351 1432
1095 1432
1941 1432
88 1433
1422 1433
48 1434
329 1434
253 1435
370 1435
1726 1435
1923 1435
1 1436
85 1436
329 1437
610 1437
77 1438
525 1438
103 1439
214 1439
235 1440
619 1440
361 1441
838 1441
1880 1441
1975 1441
540 1442
690 1442
99 1443
1273 1443
7 1444
38 1444
1631 1444
259 1445
1367 1445
1455 1445
1590 1445
25 1446
1002 1446
800 1447
1425 1447
183 1448
233 1448
277 1449
970 1449
28 1450
82 1450
461 1451
1086 1451
49 1452
519 1452
88 1453
457 1453
3 1454
981 1454
487 1455
1445 1455
348 1456
1036 1456
1608 1456
336 1457
679 1457
78 1458
1347 1458
19 1459
849 1459
12 1460
30 1460
21 1461
85 1461
1516 1461
1548 1461
285 1462
685 1462
1980 1462
718 1463
1369 1463
402 1464
1143 1464
463 1465
1421 1465
69 1466
855 1466
12 1467
911 1467
1812 1467
231 1468
807 1468
337 1469
1405 1469
1737 1469
1754 1469
1242 1470
1399 1470
1709 1470
167 1471
641 1471
1026 1472
1164 1472
360 1473
874 1473
513 1474
1003 1474
56 1475
74 1475
100 1476
124 1476
411 1477
500 1477
130 1478
1130 1478
90 1479
1135 1479
41 1480
1337 1480
1654 1480
1069 1481
1242 1481
132 1482
212 1482
88 1483
272 1483
227 1484
642 1484
969 1485
1038 1485
1690 1485
287 1486
672 1486
179 1487
1116 1487
56 1488
473 1488
6 1489
11 1489
175 1490
586 1490
66 1491
211 1491
83 1492
633 1492
288 1493
1397 1493
1518 1493
1954 1493
1158 1494
1227 1494
97 1495
1186 1495
1612 1495
201 1496
386 1496
872 1497
1175 1497
20 1498
39 1498
2 1499
738 1499
205 1500
857 1500
82 1501
334 1501
170 1502
289 1502
1985 1502
351 1503
804 1503
301 1504
357 1504
639 1505
718 1505
1700 1505
24 1506
1152 1506
2 1507
1269 1507
23 1508
1352 1508
1921 1508
1960 1508
58 1509
1259 1509
384 1510
882 1510
44 1511
551 1511
733 1512
828 1512
1851 1512
309 1513
1156 1513
427 1514
883 1514
433 1515
836 1515
11 1516
1461 1516
1816 1516
225 1517
1346 1517
43 1518
1493 1518
630 1519
1318 1519
4 1520
915 1520
1193 1521
1198 1521
1941 1521
757 1522
1242 1522
51 1523
135 1523
57 1524
61 1524
1654 1524
564 1525
1132 1525
75 1526
1185 1526
568 1527
1340 1527
20 1528
149 1528
615 1529
631 1529
6 1530
894 1530
1959 1530
1 1531
1276 1531
1983 1531
78 1532
91 1532
1734 1532
80 1533
630 1533
754 1534
962 1534
7 1535
828 1535
253 1536
517 1536
1931 1536
334 1537
604 1537
179 1538
1014 1538
120 1539
144 1539
1926 1539
12 1540
767 1540
1139 1541
1312 1541
22 1542
765 1542
11 1543
1247 1543
220 1544
633 1544
1647 1544
56 1545
1298 1545
14 1546
1244 1546
66 1547
79 1547
143 1548
1461 1548
69 1549
737 1549
1984 1549
91 1550
164 1550
308 1551
1305 1551
318 1552
370 1552
751 1553
868 1553
500 1554
970 1554
189 1555
936 1555
12 1556
20 1556
51 1557
392 1557
1165 1558
1325 1558
1723 1558
308 1559
1429 1559
407 1560
416 1560
15 1561
152 1561
88 1562
324 1562
8 1563
441 1563
26 1564
195 1564
17 1565
694 1565
1887 1565
41 1566
956 1566
47 1567
772 1567
2 1568
419 1568
24 1569
1131 1569
71 1570
142 1570
110 1571
500 1571
1597 1571
539 1572
783 1572
19 1573
158 1573
203 1574
1208 1574
350 1575
1167 1575
392 1576
673 1576
293 1577
1335 1577
22 1578
1262 1578
622 1579
861 1579
1 1580
86 1580
38 1581
1228 1581
1965 1581
11 1582
22 1582
1925 1582
233 1583
316 1583
37 1584
132 1584
221 1585
999 1585
26 1586
342 1586
165 1587
291 1587
6 1588
24 1588
12 1589
34 1589
109 1590
1445 1590
340 1591
1205 1591
30 1592
66 1592
1603 1592
161 1593
1293 1593
108 1594
986 1594
1818 1594
206 1595
958 1595
1646 1595
258 1596
534 1596
1012 1597
1571 1597
14 1598
144 1598
488 1599
1221 1599
42 1600
1222 1600
11 1601
29 1601
1770 1601
1 1602
298 1602
914 1603
1592 1603
1693 1603
34 1604
221 1604
411 1605
457 1605
56 1606
952 1606
11 1607
209 1607
1209 1608
1456 1608
525 1609
544 1609
55 1610
80 1610
100 1611
1004 1611
439 1612
1495 1612
269 1613
1155 1613
1678 1613
5 1614
133 1614
77 1615
110 1615
500 1616
828 1616
6 1617
809 1617
48 1618
1113 1618
15 1619
1129 1619
376 1620
950 1620
252 1621
428 1621
151 1622
654 1622
233 1623
1298 1623
1993 1623
16 1624
338 1624
338 1625
518 1625
98 1626
192 1626
295 1627
873 1627
269 1628
301 1628
387 1629
981 1629
1734 1629
34 1630
1399 1630
1146 1631
1444 1631
292 1632
652 1632
26 1633
354 1633
1785 1633
500 1634
733 1634
185 1635
322 1635
804 1636
1427 1636
998 1637
1388 1637
195 1638
1227 1638
1964 1638
189 1639
265 1639
44 1640
245 1640
16 1641
71 1641
507 1642
688 1642
255 1643
1232 1643
5 1644
1425 1644
8 1645
262 1645
1666 1645
494 1646
1595 1646
2 1647
1544 1647
426 1648
1399 1648
416 1649
510 1649
237 1650
259 1650
42 1651
100 1651
34 1652
100 1652
797 1653
972 1653
1480 1654
1524 1654
290 1655
790 1655
550 1656
834 1656
163 1657
221 1657
79 1658
278 1658
1793 1658
11 1659
233 1659
1772 1659
269 1660
1016 1660
2 1661
1345 1661
444 1662
801 1662
35 1663
327 1663
338 1664
571 1664
73 1665
124 1665
192 1666
1645 1666
221 1667
1101 1667
15 1668
342 1668
797 1669
996 1669
105 1670
194 1670
12 1671
917 1671
6 1672
94 1672
1990 1672
21 1673
526 1673
1003 1674
1204 1674
1867 1674
599 1675
1145 1675
711 1676
1109 1676
21 1677
793 1677
391 1678
1613 1678
46 1679
776 1679
43 1680
545 1680
53 1681
217 1681
54 1682
425 1682
165 1683
814 1683
420 1684
1051 1684
398 1685
956 1685
34 1686
316 1686
108 1687
976 1687
281 1688
344 1688
1735 1688
202 1689
1215 1689
611 1690
1485 1690
279 1691
473 1691
651 1692
1378 1692
185 1693
1603 1693
1768 1693
38 1694
353 1694
94 1695
363 1695
45 1696
58 1696
655 1697
1154 1697
68 1698
74 1698
155 1699
370 1699
1891 1699
65 1700
1505 1700
224 1701
1336 1701
2 1702
441 1702
19 1703
130 1703
4 1704
1279 1704
768 1705
1244 1705
1932 1705
298 1706
665 1706
26 1707
1194 1707
2 1708
564 1708
1159 1709
1470 1709
346 1710
790 1710
2 1711
25 1711
177 1712
325 1712
57 1713
189 1713
12 1714
215 1714
59 1715
733 1715
326 1716
462 1716
132 1717
582 1717
161 1718
534 1718
1791 1718
134 1719
137 1719
3 1720
838 1720
245 1721
1366 1721
466 1722
554 1722
1231 1723
1558 1723
1780 1723
106 1724
978 1724
59 1725
1373 1725
265 1726
1435 1726
698 1727
942 1727
327 1728
1218 1728
281 1729
836 1729
192 1730
706 1730
862 1731
1195 1731
252 1732
1046 1732
351 1733
1220 1733
1532 1734
1629 1734
686 1735
1688 1735
209 1736
1247 1736
1143 1737
1469 1737
180 1738
984 1738
59 1739
60 1739
668 1740
1286 1740
644 1741
1049 1741
247 1742
1102 1742
46 1743
689 1743
1247 1744
1256 1744
211 1745
242 1745
466 1746
503 1746
1852 1746
119 1747
124 1747
121 1748
705 1748
268 1749
504 1749
268 1750
703 1750
46 1751
846 1751
11 1752
46 1752
62 1753
330 1753
1227 1754
1469 1754
4 1755
386 1755
126 1756
581 1756
373 1757
407 1757
49 1758
542 1758
17 1759
353 1759
5 1760
694 1760
21 1761
288 1761
2 1762
449 1762
844 1763
970 1763
1908 1763
57 1764
980 1764
399 1765
951 1765
386 1766
492 1766
1838 1766
1 1767
1126 1767
482 1768
1693 1768
1968 1768
168 1769
1174 1769
1932 1769
144 1770
1601 1770
84 1771
1234 1771
1194 1772
1659 1772
157 1773
507 1773
808 1774
1178 1774
340 1775
738 1775
235 1776
422 1776
896 1777
948 1777
208 1778
642 1778
1119 1779
1156 1779
1966 1779
789 1780
1723 1780
890 1781
1116 1781
77 1782
1034 1782
1854 1782
192 1783
571 1783
6 1784
539 1784
4 1785
1633 1785
740 1786
1003 1786
780 1787
850 1787
725 1788
984 1788
675 1789
942 1789
41 1790
450 1790
1098 1791
1718 1791
64 1792
549 1792
24 1793
1658 1793
12 1794
30 1794
8 1795
56 1795
92 1796
151 1796
12 1797
1059 1797
199 1798
845 1798
329 1799
642 1799
1892 1799
505 1800
535 1800
1913 1800
301 1801
1045 1801
79 1802
185 1802
1820 1802
12 1803
478 1803
754 1804
866 1804
363 1805
1268 1805
112 1806
423 1806
227 1807
418 1807
329 1808
463 1808
450 1809
750 1809
432 1810
681 1810
374 1811
673 1811
62 1812
1467 1812
634 1813
1419 1813
104 1814
434 1814
110 1815
253 1815
799 1816
1516 1816
66 1817
1141 1817
387 1818
1594 1818
90 1819
106 1819
107 1820
1802 1820
1879 1820
199 1821
996 1821
244 1822
673 1822
1847 1822
142 1823
375 1823
581 1824
1091 1824
705 1825
1363 1825
165 1826
1340 1826
4 1827
945 1827
259 1828
962 1828
1858 1828
3 1829
245 1829
1161 1830
1355 1830
2 1831
446 1831
1903 1831
434 1832
1009 1832
828 1833
891 1833
202 1834
1267 1834
620 1835
1319 1835
10 1836
1019 1836
239 1837
1061 1837
1839 1837
453 1838
1766 1838
440 1839
1837 1839
189 1840
1156 1840
587 1841
1341 1841
442 1842
691 1842
1937 1842
128 1843
408 1843
27 1844
392 1844
210 1845
233 1845
16 1846
857 1846
19 1847
1822 1847
1092 1848
1096 1848
56 1849
132 1849
15 1850
192 1850
1953 1850
1290 1851
1512 1851
1067 1852
1746 1852
64 1853
497 1853
118 1854
1782 1854
11 1855
673 1855
46 1856
301 1856
5 1857
1220 1857
4 1858
1828 1858
89 1859
254 1859
19 1860
122 1860
603 1861
792 1861
76 1862
1042 1862
275 1863
526 1863
1960 1863
213 1864
652 1864
265 1865
633 1865
229 1866
872 1866
1303 1867
1674 1867
220 1868
809 1868
291 1869
762 1869
1178 1870
1369 1870
8 1871
278 1871
34 1872
270 1872
391 1873
774 1873
61 1874
1196 1874
53 1875
164 1875
790 1876
943 1876
15 1877
465 1877
552 1878
835 1878
364 1879
1820 1879
55 1880
1441 1880
209 1881
1061 1881
353 1882
555 1882
192 1883
465 1883
119 1884
202 1884
146 1885
500 1885
49 1886
802 1886
1212 1887
1565 1887
269 1888
1202 1888
11 1889
698 1889
88 1890
1180 1890
225 1891
1699 1891
481 1892
1799 1892
55 1893
911 1893
488 1894
1419 1894
39 1895
466 1895
189 1896
335 1896
8 1897
459 1897
12 1898
121 1898
38 1899
1213 1899
478 1900
667 1900
296 1901
337 1901
6 1902
746 1902
183 1903
1831 1903
270 1904
435 1904
49 1905
999 1905
38 1906
215 1906
701 1907
1328 1907
809 1908
1763 1908
16 1909
34 1909
55 1910
149 1910
21 1911
688 1911
1980 1911
259 1912
776 1912
126 1913
1800 1913
1991 1913
589 1914
884 1914
299 1915
1268 1915
38 1916
44 1916
6 1917
136 1917
462 1918
1147 1918
696 1919
715 1919
198 1920
285 1920
351 1921
1508 1921
606 1922
668 1922
4 1923
1435 1923
319 1924
408 1924
2 1925
1582 1925
13 1926
1539 1926
307 1927
1022 1927
28 1928
760 1928
168 1929
465 1929
320 1930
346 1930
937 1931
1536 1931
1705 1932
1769 1932
318 1933
1102 1933
82 1934
370 1934
38 1935
351 1935
716 1936
891 1936
165 1937
1842 1937
1215 1938
1430 1938
371 1939
914 1939
366 1940
693 1940
1959 1940
1432 1941
1521 1941
507 1942
1049 1942
64 1943
103 1943
296 1944
768 1944
339 1945
812 1945
66 1946
547 1946
124 1947
482 1947
298 1948
716 1948
134 1949
1076 1949
16 1950
46 1950
143 1951
461 1951
83 1952
795 1952
12 1953
1850 1953
197 1954
1493 1954
155 1955
350 1955
11 1956
1082 1956
738 1957
870 1957
121 1958
964 1958
1530 1959
1940 1959
1508 1960
1863 1960
309 1961
1323 1961
41 1962
642 1962
2 1963
264 1963
924 1964
1638 1964
31 1965
1581 1965
12 1966
1779 1966
785 1967
1001 1967
856 1968
1768 1968
206 1969
924 1969
26 1970
368 1970
15 1971
201 1971
94 1972
963 1972
151 1973
399 1973
315 1974
564 1974
1306 1975
1441 1975
450 1976
690 1976
34 1977
869 1977
11 1978
1242 1978
229 1979
725 1979
1462 1980
1911 1980
244 1981
711 1981
243 1982
682 1982
352 1983
1531 1983
691 1984
1549 1984
26 1985
1502 1985
14 1986
919 1986
37 1987
1406 1987
134 1988
682 1988
21 1989
726 1989
56 1990
1672 1990
981 1991
1913 1991
326 1992
948 1992
49 1993
1623 1993
91 1994
962 1994
236 1995
450 1995
4 1996
346 1996
175 1997
342 1997
12 1998
159 1998
224 1999
1095 1999
399 2000
768 2000
